Iteration: 1
SE(3) end - effector config: [[ 1.07694515e-03  9.96694222e-01 -8.12371090e-02 -4.36637749e-01]
 [ 1.15120777e-02 -8.12441297e-02 -9.96627746e-01  9.11498568e-02]
 [-9.99933154e-01  1.38105498e-04 -1.15615168e-02  2.11942951e-02]
 [ 0.00000000e+00  0.00000000e+00  0.00000000e+00  1.00000000e+00]]
error twist V_b: [-0.08133207 -0.01154978 -0.00060821 -0.07877798 -0.06366943 -0.00672393]
Angular error magnitude ||omega_b||: 0.08215030668299712
Linear error magnitude ||v_b||: 0.10151343702364875 

Iteration: 2
SE(3) end - effector config: [[-0.0025654   0.99997774 -0.00615875 -0.49490657]
 [-0.03301319 -0.0062401  -0.99943544  0.10187619]
 [-0.99945162 -0.00236063  0.03302846  0.09767716]
 [ 0.          0.          0.          1.        ]]
error twist V_b: [-0.0062006   0.03302707  0.00246348 -0.00228528 -0.00509041  0.00193013]
Angular error magnitude ||omega_b||: 0.03369426852960407
Linear error magnitude ||v_b||: 0.005904252791117728 

Iteration: 3
SE(3) end - effector config: [[-1.41840713e-04  9.99992961e-01 -3.74944052e-03 -4.99600588e-01]
 [-8.20375151e-04 -3.74955565e-03 -9.99992634e-01  9.99747135e-02]
 [-9.99999653e-01 -1.38763720e-04  8.20901216e-04  9.81473363e-02]
 [ 0.00000000e+00  0.00000000e+00  0.00000000e+00  1.00000000e+00]]
error twist V_b: [-3.74950730e-03  8.20640201e-04  1.40302561e-04 -1.85264588e-03
 -3.99588247e-04 -2.37774272e-05]
Angular error magnitude ||omega_b||: 0.0038408254536647624
Linear error magnitude ||v_b||: 0.0018953978174554933 

Iteration: 4
SE(3) end - effector config: [[ 1.50050033e-06  1.00000000e+00 -2.52754712e-06 -4.99995987e-01]
 [ 2.19405903e-05 -2.52758004e-06 -1.00000000e+00  1.00001434e-01]
 [-1.00000000e+00  1.50044487e-06 -2.19405941e-05  1.00001069e-01]
 [ 0.00000000e+00  0.00000000e+00  0.00000000e+00  1.00000000e+00]]
error twist V_b: [-2.52756358e-06 -2.19405922e-05 -1.50047260e-06  1.06888784e-06
 -4.01284373e-06  1.43418555e-06]
Angular error magnitude ||omega_b||: 2.213661178726845e-05
Linear error magnitude ||v_b||: 4.393441047369996e-06 

